fout,mag,phase
1.59154943091895e-06,1,-3.43774705522538e-08
1.66671065501093e-06,1,-3.60009274394226e-08
1.7454213821829e-06,1,-3.77010865832896e-08
1.82784923839182e-06,1,-3.94815229273167e-08
1.91416976576231e-06,1,-4.13460531371217e-08
2.00456679642913e-06,1,-4.3298646544947e-08
2.09923284403455e-06,1,-4.53434124274412e-08
2.19836951371412e-06,1,-4.7484765394502e-08
2.30218793144422e-06,1,-4.97272472782147e-08
2.41090919366554e-06,1,-5.20756416328201e-08
2.52476483814016e-06,1,-5.45349101236213e-08
2.64399733704497e-06,1,-5.71103451936083e-08
2.76886061335144e-06,1,-5.98073919523958e-08
2.89962058159157e-06,1,-6.2631788120629e-08
3.03655571416164e-06,1,-6.55896021966403e-08
3.17995763436974e-06,1,-6.86870935120427e-08
3.33013173749003e-06,1,-7.19308521761362e-08
3.4873978411465e-06,1,-7.53277863536891e-08
3.65209086641116e-06,1,-7.88851477093749e-08
3.82456155106725e-06,1,-8.26105059633357e-08
4.00517719655641e-06,1,-8.65118379467125e-08
4.19432245020061e-06,1,-9.05973622128022e-08
4.39240012436466e-06,1,-9.48758443703069e-08
4.59983205430377e-06,1,-9.93563553611782e-08
4.81705999652317e-06,1,-1.04048500460554e-07
5.04454656956296e-06,1,-1.08962190276822e-07
5.28277623921162e-06,1,-1.14107958807087e-07
5.53225635024651e-06,1,-1.19496734437234e-07
5.7935182068984e-06,1,-1.25139979886336e-07
6.06711820434127e-06,1,-1.31049743095526e-07
6.35363901361687e-06,1,-1.37238593616905e-07
6.6536908225175e-06,1,-1.43719698946854e-07
6.96791263506982e-06,1,-1.50506900859348e-07
7.29697363238702e-06,1,-1.57614613628202e-07
7.6415745977874e-06,1,-1.65058014860356e-07
8.00244940921455e-06,1,-1.72852905551468e-07
8.38036660213729e-06,1,-1.81015900919194e-07
8.77613100625793e-06,1,-1.89564417680969e-07
9.19058545951425e-06,1,-1.98516635887353e-07
9.6246126030257e-06,1,-2.07891626144217e-07
1.00791367608062e-05,1,-2.17709362334958e-07
1.05551259082468e-05,1,-2.27990708898289e-07
1.10535937335601e-05,1,-2.3875761166151e-07
1.15756017965771e-05,1,-2.50033008784985e-07
1.21222617894933e-05,1,-2.61840856206575e-07
1.26947379043795e-05,1,-2.74206343919356e-07
1.32942493124977e-05,1,-2.87155781471653e-07
1.39220727607046e-05,1,-3.00716763355884e-07
1.45795452904695e-05,1,-3.14918169008556e-07
1.52680670852989e-05,1,-3.2979023914358e-07
1.59891044526315e-05,1,-3.45364664807802e-07
1.67441929465531e-05,1,-3.61674561936566e-07
1.75349406379826e-05,1,-3.78754700353649e-07
1.83630315392938e-05,1,-3.96641465604607e-07
1.92302291906643e-05,1,-4.15372948012306e-07
2.01383804157915e-05,1,-4.34989019010232e-07
2.10894192549728e-05,1,-4.55531445642463e-07
2.20853710839257e-05,1,-4.77044005063633e-07
2.31283569271207e-05,1,-4.99572497261157e-07
2.42205979748114e-05,1,-5.23164897721849e-07
2.53644203133833e-05,1,-5.47871484654114e-07
2.65622598790929e-05,1,-5.73744813543508e-07
2.78166676457491e-05,1,-6.00840022485989e-07
2.9130315057383e-05,1,-6.29214806743479e-07
3.05059997174779e-05,1,-6.58929584132708e-07
3.19466513468723e-05,1,-6.90047660414054e-07
3.3455338023028e-05,1,-7.22635280180423e-07
3.50352727139473e-05,1,-7.56761868579403e-07
3.66898201206565e-05,1,-7.92500107646575e-07
3.8422503842827e-05,1,-8.29926063527699e-07
4.02370138827936e-05,1,-8.69119491811968e-07
4.21372145039522e-05,1,-9.10163812087569e-07
4.4127152460271e-05,1,-9.53146489608241e-07
4.62110656144433e-05,1,-9.98159009848841e-07
4.83933919630322e-05,1,-1.04529726017191e-06
5.06787790878319e-05,1,-1.09466161888319e-06
5.30720940535688e-05,1,-1.14635722239823e-06
5.55784337730254e-05,1,-1.20049416879788e-06
5.82031358616584e-05,1,-1.25718773410603e-06
6.09517900048276e-05,1,-1.31655865217838e-06
6.38302498618456e-05,1,-1.37873339459129e-06
6.68446455321975e-05,1,-1.44384433603058e-06
7.00013966104806e-05,1,-1.51203016140261e-06
7.33072258578662e-05,1,-1.58343605666746e-06
7.67691735191984e-05,0.999999999999999,-1.65821414139444e-06
8.03946123162207e-05,1,-1.73652360870647e-06
8.41912631488612e-05,1,-1.81853127233548e-06
8.81672115380134e-05,0.999999999999999,-1.90441177017793e-06
9.23309248448299e-05,0.999999999999999,-1.99434795868355e-06
9.66912703032019e-05,0.999999999999999,-2.08853143446636e-06
0.000101257533903824,0.999999999999999,-2.18716271241569e-06
0.000106039440170067,0.999999999999999,-2.29045191269603e-06
0.000111047172867762,0.999999999999999,-2.39861893885805e-06
0.000116291396693016,0.999999999999999,-2.51189415211622e-06
0.000121783279984235,0.999999999999999,-2.63051882934867e-06
0.000127534518506727,0.999999999999999,-2.75474559565264e-06
0.000133557360360537,0.999999999999999,-2.88483898412211e-06
0.000139864632064562,0.999999999999999,-3.02107604651426e-06
0.000146469765872487,0.999999999999999,-3.16374693847157e-06
0.000153386828378729,0.999999999999998,-3.31315549202166e-06
0.0001606305504753,0.999999999999998,-3.46961988985486e-06
0.000168216358723379,0.999999999999998,-3.63347335232403e-06
0.000176160408206432,0.999999999999998,-3.80506481172218e-06
0.000184479616934805,0.999999999999998,-3.98475971378219e-06
0.000193191701875097,0.999999999999997,-4.17294074284335e-06
0.000202315216681018,0.999999999999997,-4.37000867423995e-06
0.000211869591206099,0.999999999999997,-4.57638316307889e-06
0.000221875172882392,0.999999999999996,-4.79250372385049e-06
0.000232353270053293,0.999999999999996,-5.01883063370603e-06
0.000243326197352758,0.999999999999996,-5.2558458484575e-06
0.000254817323227573,0.999999999999995,-5.50405417302173e-06
0.000266851119703858,0.999999999999995,-5.7639841646979e-06
0.000279453214503814,0.999999999999994,-6.03618943083387e-06
0.00029265044562369,0.999999999999994,-6.32124962115922e-06
0.000306470918489204,0.999999999999993,-6.61977183995155e-06
0.00032094406581014,0.999999999999992,-6.93239181648059e-06
0.00033610071026159,0.999999999999992,-7.25977531717449e-06
0.000351973130125331,0.999999999999991,-7.60261959595273e-06
0.000368595128031127,0.99999999999999,-7.96165476822577e-06
0.000386002102944349,0.99999999999999,-8.33764540117239e-06
0.000404231125553231,0.999999999999988,-8.73139229485027e-06
0.000423321017216298,0.999999999999987,-9.14373397069564e-06
0.000443312432638103,0.999999999999986,-9.57554852896718e-06
0.000464247946449341,0.999999999999985,-1.00277556461344e-05
0.000486172143875728,0.999999999999983,-1.05013183050992e-05
0.000509131715688726,0.999999999999982,-1.09972450597512e-05
0.000533175557640351,0.99999999999998,-1.15165920323556e-05
0.000558354874593789,0.999999999999978,-1.20604652798863e-05
0.000584723289571613,0.999999999999976,-1.26300230331361e-05
0.000612336957953823,0.999999999999973,-1.32264782793271e-05
0.000641254687068899,0.999999999999971,-1.38511012429436e-05
0.000671538061432577,0.999999999999968,-1.4505222121009e-05
0.000703251573901041,0.999999999999965,-1.51902339964737e-05
0.000736462763017859,0.999999999999961,-1.59075956752701e-05
0.000771242356847139,0.999999999999957,-1.66588348923117e-05
0.000807664423599249,0.999999999999954,-1.74455515302144e-05
0.000845806529369856,0.999999999999949,-1.8269421028851e-05
0.000885749903328226,0.999999999999944,-1.91321979094061e-05
0.000927579610706564,0.999999999999939,-2.00357195910413e-05
0.000971384733958822,0.999999999999933,-2.09819102457278e-05
0.00101725856247475,0.999999999999927,-2.19727849329674e-05
0.00106529879125326,0.999999999999919,-2.30104538871802e-05
0.00111560772895812,0.999999999999912,-2.40971269323144e-05
0.00116829251579917,0.999999999999903,-2.52351183290118e-05
0.00122346535170302,0.999999999999893,-2.64268515836063e-05
0.00128124373525912,0.999999999999884,-2.76748646769559e-05
0.0013417507139501,0.999999999999872,-2.8981815420497e-05
0.00140511514619933,0.99999999999986,-3.03504871557979e-05
0.00147147197579371,0.999999999999846,-3.1783794670391e-05
0.00154096251926608,0.999999999999831,-3.3284790406215e-05
0.00161373476684938,0.999999999999815,-3.48566709606693e-05
0.00168994369764341,0.999999999999797,-3.65027838548339e-05
0.00176975160966539,0.999999999999777,-3.8226634772412e-05
0.0018533284654872,0.999999999999756,-4.00318948495614e-05
0.00194085225419547,0.999999999999732,-4.19224086898921e-05
0.00203250937044525,0.999999999999706,-4.39022024049089e-05
0.00212849501141455,0.999999999999678,-4.59754922396751e-05
0.00222901359250519,0.999999999999647,-4.8146693580144e-05
0.00233427918267515,0.999999999999613,-5.04204303548782e-05
0.00244451596032961,0.999999999999575,-5.28015447421025e-05
0.00255995869074148,0.999999999999534,-5.52951077291454e-05
0.0026808532260183,0.999999999999489,-5.79064296718809e-05
0.00280745702868003,0.99999999999944,-6.06410717956141e-05
0.00294003971996307,0.999999999999386,-6.35048579504109e-05
0.00307888365401787,0.999999999999326,-6.65038869262064e-05
0.00322428451922326,0.999999999999261,-6.96445455948565e-05
0.00337655196789792,0.99999999999919,-7.29335225101897e-05
0.00353601027575007,0.999999999999111,-7.63778219533365e-05
0.00370299903246982,0.999999999999025,-7.99847790976145e-05
0.0038778738649349,0.999999999998931,-8.37620754787459e-05
0.00406100719456985,0.999999999998828,-8.77177553937977e-05
0.00425278903047171,0.999999999998715,-9.18602430507325e-05
0.00445362779999119,0.99999999999859,-9.61983604812925e-05
0.00466395121853818,0.999999999998454,-0.000100741346318994
0.00488420720046405,0.999999999998305,-0.000105498875518568
0.00511486481296042,0.999999999998141,-0.000110481079965951
0.00535641527500615,0.999999999997961,-0.000115698569953394
0.00560937300348963,0.999999999997764,-0.000121162456875899
0.00587427670873449,0.999999999997548,-0.000126884376907268
0.00615169054176168,0.999999999997311,-0.000132876515706652
0.00644220529573127,0.999999999997051,-0.000139151634397323
0.00674643966412246,0.999999999996765,-0.000145723096754051
0.00706504155833151,0.999999999996453,-0.000152604897649991
0.0073986894874934,0.99999999999611,-0.00015981169294117
0.00774809400346584,0.999999999995734,-0.000167358830483259
0.00811399921405296,0.999999999995322,-0.000175262383031231
0.00849718436769122,0.999999999994869,-0.000183539182373069
0.00889846551297248,0.999999999994373,-0.000192206855091931
0.00931869723653829,0.999999999993829,-0.000201283860325688
0.00975877448304665,0.999999999993233,-0.000210789528862304
0.0102196344610869,0.999999999992578,-0.000220744104397995
0.0107022586391022,0.999999999991861,-0.000231168786627377
0.0112076748355689,0.999999999991074,-0.000242085776483685
0.0117369594078865,0.999999999990211,-0.00025351832326186
0.0122912395446368,0.999999999989264,-0.00026549077422249
0.0128716956660965,0.999999999988226,-0.00027802862646029
0.013479563938114,0.999999999987088,-0.000291158581138922
0.0141161389047048,0.99999999998584,-0.000304908600435646
0.014782776244971,0.999999999984471,-0.000319307967004969
0.015480895660218,0.99999999998297,-0.00033438734638113
0.0162119838974148,0.999999999981323,-0.000350178852332138
0.0169775979154385,0.999999999979517,-0.000366716115139916
0.0177793682008445,0.999999999977537,-0.000384034353315452
0.0186190022402258,0.999999999975365,-0.000402170448583555
0.0194982881565537,0.999999999972984,-0.000421163024417111
0.0204190985172464,0.999999999970372,-0.000441052528248058
0.021383394322074,0.999999999967507,-0.000461881317673145
0.0223932291793932,0.999999999964366,-0.000483693750654458
0.0234507536796053,0.999999999960921,-0.000506536279905566
0.0245582199751516,0.999999999957143,-0.000530457551946709
0.0257179865768,0.999999999952999,-0.000555508510612777
0.0269325233764376,0.999999999948455,-0.000581742505561107
0.0282044169070646,0.999999999943472,-0.000609215405919068
0.0295363758511933,0.999999999938006,-0.000637985719236802
0.0309312368093821,0.999999999932013,-0.00066811471605047
0.0323919703411893,0.99999999992544,-0.000699666560488551
0.0339216872914125,0.999999999918231,-0.000732708446781244
0.0355236454150856,0.999999999910326,-0.000767310742449044
0.0372012563153425,0.999999999901656,-0.000803547138106866
0.0389580927089229,0.999999999892148,-0.000841494804468945
0.040797896034793,0.999999999881721,-0.000881234556592683
0.0427245844220847,0.999999999870286,-0.000922851026086599
0.0447422610343221,0.999999999857745,-0.000966432841295113
0.0468552228077059,0.999999999843991,-0.00101207281604539
0.0490679696020647,0.999999999828908,-0.0010598681472997
0.0513852137839622,0.999999999812367,-0.00110992062222232
0.0538118902623676,0.999999999794227,-0.00116233683482609
0.0563531669982635,0.999999999774332,-0.00121722841307686
0.0590144560105712,0.999999999752515,-0.00127471225662077
0.0618014249018331,0.999999999728588,-0.0013349107856945
0.0647200089281981,0.999999999702348,-0.00139795220181628
0.0677764236394134,0.99999999967357,-0.00146397076090642
0.0709771781157437,0.999999999642011,-0.00153310705913018
0.074329088830005,0.9999999996074,-0.00160550833230242
0.0778392941642363,0.999999999569444,-0.00168132876952849
0.0815152696119241,0.999999999527817,-0.00176072984152653
0.0853648436981542,0.999999999482166,-0.00184388064444537
0.0893962146515961,0.999999999432102,-0.00193095826010699
0.093617967863825,0.999999999377197,-0.0020221481330039
0.0980390941731635,0.999999999316984,-0.00211764446529868
0.102669009011981,0.99999999925095,-0.00221765063046144
0.10751757245823,0.999999999178531,-0.00232237960620693
0.112595110233913,0.999999999099111,-0.00243205442827063
0.117912435695219,0.999999999012012,-0.00254690866525284
0.123480872861133,0.999999998916493,-0.00266718691609563
0.12931228052959,0.999999998811739,-0.00279314533098132
0.135419077532507,0.999999998696857,-0.00292505215686124
0.141814269183496,0.999999998570869,-0.00306318830873425
0.148511474974576,0.999999998432699,-0.00320784796782001
0.155524957580862,0.999999998281172,-0.00335933920821728
0.162869653235009,0.999999998114995,-0.00351798465282341
0.170561203536096,0.999999997932751,-0.00368412216053765
0.178615988760688,0.999999997732888,-0.00385810554576626
0.187051162747022,0.999999997513703,-0.00404030533187049
0.195884689426602,0.999999997273326,-0.00423110954030029
0.205135381081011,0.999999997009709,-0.00443092451695338
0.214822938405398,0.999999996720606,-0.00464017579755327
0.224967992463985,0.999999996403552,-0.00485930901394192
0.235592148626916,0.999999996055845,-0.00508879084297919
0.246718032582047,0.999999995674522,-0.00532911000064427
0.258369338519635,0.999999995256332,-0.00558077828267501
0.270570879592574,0.999999994797711,-0.00584433165456944
0.283348640759614,0.999999994294751,-0.00612033139306143
0.296729834124117,0.999999993743164,-0.00640936528150033
0.310742956886192,0.999999993138249,-0.00671204886150102
0.325417852031636,0.99999999247485,-0.0070290267440449
0.340785771886917,0.999999991747314,-0.00736097398219458
0.356879444675553,0.999999990949439,-0.0077085975088572
0.373733144217635,0.999999990074426,-0.00807263764224282
0.391382762920915,0.999999989114815,-0.00845386966268158
0.409865888218916,0.999999988062428,-0.00885310546361154
0.429221882618846,0.999999986908295,-0.00927119528088435
0.449491967529792,0.999999985642581,-0.00970902950340421
0.470719311049713,0.999999984254496,-0.0101675405695654
0.492949119898189,0.99999998273221,-0.0106477049530378
0.516228735690718,0.999999981062748,-0.0111505452425827
0.540607735759579,0.999999979231882,-0.0116771323198805
0.566138038735981,0.999999977224006,-0.0122285876402931
0.592874015118354,0.999999975022007,-0.0128060856215376
0.620872603062237,0.999999972607117,-0.0134108561448104
0.650193429638378,0.999999969958753,-0.0140441871745592
0.680898937817263,0.999999967054343,-0.0147074275014954
0.713054519450517,0.999999963869132,-0.0154019896155
0.746728654532375,0.999999960375973,-0.0161293527142246
0.781993057037802,0.999999956545091,-0.0168910658537618
0.818922827647849,0.999999952343836,-0.0176887512480125
0.857596613687493,0.999999947736399,-0.0185241077243078
0.898096776616564,0.99999994268351,-0.0193989143419898
0.940509567430472,0.999999937142103,-0.0203150341820039
0.984925310344266,0.999999931064945,-0.0212744183156844
1.0314385951512,0.999999924400241,-0.0222791099610652
1.08014847866548,0.999999917091186,-0.0233312488353539
1.13115869567816,0.999999909075481,-0.0244330757135324
1.18457787987551,0.999999900284806,-0.0255869372020637
1.24051979519027,0.999999890644236,-0.0267952907383043
1.29910357807849,0.999999880071601,-0.0280607098264983
1.360453991238,0.999999868476786,-0.029385889520889
1.42470168930869,0.999999855760964,-0.0307736521684513
1.49198349712067,0.999999841815753,-0.0322269534228631
1.5624427010826,0.999999826522292,-0.033748888543301
1.63622935433103,0.999999809750226,-0.0353426989906057
1.71350059629034,0.999999791356599,-0.0370117793360315
1.7944209873241,0.999999771184632,-0.0387596844964361
1.87916285919027,0.999999749062387,-0.0405901373121939
1.96790668204683,0.999999724801302,-0.0425070364835062
2.06084144878921,0.999999698194582,-0.0445144648825911
2.15816507753824,0.999999669015439,-0.0466166982594585
2.26008483313557,0.999999637015155,-0.0488182143599888
2.36681776854437,0.999999601920963,-0.0511237024759549
2.4785911870952,0.999999563433722,-0.0535380734478921
2.59564312656157,0.999999521225365,-0.0560664701418202
2.71822286609605,0.999999474936103,-0.0587142784232381
2.84659145710652,0.999999424171356,-0.0614871386515214
2.98102227920317,0.999999368498389,-0.0643909577200521
3.1218016224002,0.999999307442619,-0.0674319216681102
3.26922929681207,0.999999240483573,-0.0706165088920963
3.42361927114285,0.999999167050444,-0.0739515039848122
3.58530034132828,0.999999086517224,-0.0774440122332176
3.75461683075458,0.999998998197363,-0.0811014748064568
3.93192932354528,0.999998901337915,-0.0849316846674232
4.11761543247761,0.999998795113111,-0.0889428032431784
4.31207060316391,0.999998678617316,-0.0931433778911084
4.51570895621067,0.999998550857297,-0.0975423601997079
4.72896416914862,0.999998410743751,-0.102149125164424
4.95229040001227,0.999998257082007,-0.10697349128239
5.18616325453552,0.999998088561821,-0.112025741610327
5.43108079902338,0.999997903746199,-0.117316645834302
5.6875646210567,0.999997701059119,-0.122857483400615
5.95616094028884,0.999997478772075,-0.12866006776178
6.23744177170006,0.999997234989309,-0.134736771792779
6.53200614378665,0.999996967631612,-0.141100554437195
6.8404813742794,0.999996674418556,-0.147764988645415
7.16352440610805,0.999996352848998,-0.154744290670939
7.50182320645694,0.999996000179694,-0.162053350794868
7.85609823189134,0.999995613401834,-0.169707765552351
8.2271039626746,0.99999518921529,-0.177723871539874
8.6156305095438,0.999994724000376,-0.186118780886536
9.0225052963656,0.999994213786842,-0.194910418477908
9.44859482225588,0.999993654219864,-0.204117561027055
9.89480650691579,0.99999304052271,-0.213759878092883
10.3620906231142,0.999992367455776,-0.223857975153163
10.8514423204319,0.999991629271618,-0.234433438846773
11.3639037445777,0.999990819665597,-0.245508884507609
11.9005662567893,0.999989931721698,-0.257108006121536
12.4625727580461,0.999988957853051,-0.26925562884748
13.0511201230433,0.99998788973662,-0.28197776425387
13.6674617491108,0.999986718241491,-0.295301668434228
14.3129102255054,0.999985433350118,-0.30925590317799
14.988840128761,0.99998402407182,-0.323870400386851
15.6966909500492,0.999982478347754,-0.33917652994363
16.4379701607853,0.999980782946517,-0.355207171257865
17.2142564230088,0.99997892334942,-0.371996788731819
18.0272029513736,0.999976883624389,-0.389581511413472
18.8785410339096,0.99997464628735,-0.407999217127093
19.7700837190526,0.999972192149809,-0.427289621400023
20.7037296767951,0.999969500151202,-0.44749437153568
21.6814672421806,0.999966547174477,-0.468657146217023
22.7053786497525,0.999963307843123,-0.49082376106566
23.7776444679758,0.999959754297745,-0.514042280625222
24.9005482430757,0.999955855950022,-0.538363137288638
26.0764813621811,0.999951579211648,-0.563839257747068
27.3079481461323,0.999946887195599,-0.590526197601585
28.5975711827969,0.999941739386738,-0.618482284854818
29.9480969122526,0.999936091278434,-0.647768773082479
31.3624014757309,0.999929893971471,-0.678450005181326
32.8434968407797,0.999923093731064,-0.710593588700314
34.3945372156857,0.9999156314973,-0.744270583886438
36.0188257668213,0.999907442343717,-0.779555705721356
37.7198216532178,0.999898454878083,-0.816527541388988
39.501147393349,0.999888590578648,-0.855268784804401
41.3665965798109,0.999877763058269,-0.895866490051669
43.3201419583308,0.999865877247771,-0.938412345829253
45.3659438883069,0.999852828488756,-0.983002973291159
47.5083592029003,0.999838501524649,-1.02974025000601
49.7519504875452,0.999822769377229,-1.07873166314283
52.1014957966395,0.999805492093991,-1.13009069544089
54.5619988291074,0.999786515349528,-1.18393724804064
57.1386995845045,0.99976566888155,-1.24039810485701
59.837085522361,0.999742764739157,-1.29960744388145
62.6629032485249,0.999717595317421,-1.36170740161973
65.6221707533972,0.999689931148108,-1.42684869783371
68.7211902281176,0.99965951841138,-1.4951913288804
71.9665614859998,0.999626076127319,-1.56690533926266
75.3651960177938,0.999589292978972,-1.64217168256099
78.9243317107132,0.999548823710048,-1.72118318474951
82.6515482625695,0.999504285030006,-1.80414562506778
86.5547833238425,0.999455250946819,-1.89127895219265
90.6423494020633,0.999401247432473,-1.98281865651177
94.9229515645096,0.999341746307779,-2.07901732294869
99.4057059769143,0.999276158210475,-2.18014639315471
104.100159317668,0.999203824482792,-2.28649817112247
109.016309108861,0.999124007780461,-2.39838811259146
114.164625007463,0.999035881162716,-2.51615744625118
119.556071101983,0.998938515370153,-2.64017618401991
125.202129262089,0.998830863931411,-2.77084658898076
131.114823590928,0.998711745656959,-2.90860718339919
137.306746032198,0.99857982397386,-3.05393739627343
143.791083186532,0.998433582422989,-3.20736297091853
150.581644394279,0.998271295471205,-3.36946227923376
157.692891144512,0.99809099357418,-3.54087372196557
165.139967872868,0.997890421145596,-3.72230443530074
172.938734213834,0.997666985724568,-3.91454057595341
181.105798776148,0.997417696156992,-4.11845952279729
189.658554513248,0.997139086978912,-4.33504441739435
198.615215764102,0.996827125356473,-4.56540157437819
207.994857043294,0.996477095820971,-4.81078143356988
217.817453662982,0.99608345653054,-5.07260390995301
228.103924273232,0.995639658736519,-5.35248924046163
238.876175411332,0.995137918307632,-5.65229574928439
250.157148154955,0.994568924239069,-5.97416638621285
261.970866978522,0.993921463557968,-6.32058647852542
274.342490916821,0.993181934198328,-6.69445593818069
287.298367144834,0.992333706141052,-7.09918027354941
300.866087087886,0.991356274676056,-7.53878630294943
315.074545181602,0.990224125342279,-8.01807065732843
329.954000406815,0.988905193634824,-8.54279229775242
345.536140730476,0.987358746958411,-9.11992483206594
361.85415058979,0.985532430027882,-9.75799113347792
378.942781563311,0.983358078555081,-10.4675128179039
396.83842637949,0.980745686223745,-11.2616224281022
415.579196420289,0.977574547925959,-12.1569098262194
435.20500288492,0.973679992383545,-13.1746115316349
455.757641786558,0.968833065033419,-14.3423114013229
477.280882963033,0.962708660525335,-15.6964182828648
499.820563291082,0.954834226308722,-17.285847106126
523.424684302648,0.944504878549944,-19.177598458554
548.143514411134,0.930638856654955,-21.4653789976282
574.029695965314,0.911524423649204,-24.2831270115223
601.138357358877,0.884366393680353,-27.8263499335706
629.527230434372,0.844467048714509,-32.3851205569315
659.256773431575,0.78379429196414,-38.3906978802979
690.390299742118,0.688844276597813,-46.4613071654945
722.994112744573,0.539301313556055,-57.3639111095411
757.137647007156,0.315040830422088,-71.6367212939532
792.893616158752,0.0241734271108262,-88.6148297227411
830.338167743177,0.272779108318593,74.1702928606596
869.551045386463,0.509327718093566,59.3809402475271
910.615758622526,0.669548786303708,47.9677505388461
953.619760738876,0.771578963639171,39.5041090942546
998.654635021133,0.836573505050493,33.2199604482837
1045.81628979297,0.879094680903825,28.4666525704471
1095.20516266686,0.907880013524332,24.785990349339
1146.9264344406,0.928037255943355,21.8691027439952
1201.09025309512,0.942593978513678,19.5081535872515
1257.81196837069,0.95339526802927,17.5611890573883
1317.21237742094,0.961601406001586,15.9292332227185
1379.41798206804,0.967964906886395,14.5417570375501
1444.56125820673,0.972988088348655,13.3474333778366
1512.78093793101,0.977015188513701,12.3081698015147
1584.22230498441,0.980287785501366,11.3951839293492
1659.03750416279,0.982979080701464,10.5863701632141
1737.38586532892,0.985215669968019,9.8644976476677
1819.43424272856,0.987091708910594,9.21595364409444
1905.35737033093,0.988678337554665,8.62985163090504
1995.33823395014,0.990030080598078,8.09738779461528
2089.56846094009,0.991189276112666,7.61136962944759
2188.24872829287,0.992189193185048,7.16586573584074
2291.58919000963,0.993056261562481,6.75594226626044
2399.80992465412,0.993811689574648,6.37746219411905
2513.14140404206,0.994472654003222,6.02693073213747
2631.82498406443,0.995053186055602,5.70137506701884
2756.11341869,0.995564838674052,5.39824990226001
2886.2713982417,0.996017194535771,5.11536261642517
3022.57611309323,0.99641825663545,4.85081347768677
3165.3178439863,0.9967747513869,4.60294752187188
3314.8005802258,0.997092365887526,4.37031554374377
3471.34266706926,0.997375935164996,4.15164226634333
3635.27748368944,0.997629591086994,3.94580020685944
3806.95415315382,0.997856881642006,3.75178809528068
3986.73828593307,0.998060867141438,3.56871295587089
4175.01275852176,0.998244198312243,3.39577515382763
4372.17852882958,0.998409180079874,3.23225585639419
4578.6554900797,0.99855782396922,3.07750647078551
4794.88336503244,0.998691891395269,2.93093970897458
5021.322642439,0.998812929618208,2.79202199784527
5258.45555771927,0.99892230175825,2.66026700701726
5506.78711995246,0.999021211973886,2.53523010919028
5766.84618736741,0.99911072668162,2.41650362169606
6039.18659362323,0.999191792519607,2.30371270501628
6324.38832727877,0.999265251620086,2.19651181579636
6623.05876696271,0.99933185464717,2.09458162948413
6935.8339748748,0.999392271970788,1.99762636201868
7263.3800513729,0.999447103279335,1.90537143166031
7606.39455353086,0.99949688587901,1.81756141161529
7965.60798068772,0.999542101883936,1.73395823198041
8341.78533015253,0.999583184465804,1.65433959603553
8735.72772637753,0.999620523303068,1.57849758130831
9148.27412706938,0.99965446934636,1.50623740032602
9580.3031098717,0.999685338997737,1.43737629972092
10032.7347434242,0.99971341778568,1.37174257949958
10506.5325467826,0.999738963604909,1.3091747169281
11002.7055413735,0.999762209579381,1.24952058171346
11522.3103998514,0.999783366598034,1.1926367310427
12066.4536964378,0.999802625565451,1.13838777463794
12636.2942635321,0.999820159403504,1.08664580133989
13233.0456596136,0.999836124834858,1.03728985988665
13857.9787536912,0.999850663974892,0.990205487539096
14512.4244318041,0.999863905754965,0.94528428104611
15197.7764313376,0.999875967196826,0.902423505164493
15915.4943091895,0.99988695455537,0.861525734567268
